WS_BA:

S=L, 

E=[131.45286979440127,329.06018722073554,605.0152703803205,963.7471868272477,1388.594197549897,1889.0498302863123,2456.9435864865904,3103.1515313425307]

NE=[70.39551595018297, 70.29666504073968, 70.23524670362386, 70.1889132298305, 70.15807315623199, 70.13037355514895, 70.1097218417365, 70.09015060353647]

S=NL, 

E=[222.84860893358115,707.5706483278301,1402.6384693678026,2215.7706398101673,3068.509432703172,3913.0144041530293,4747.421099500391,5649.870955312134]

NE=[70.69825398704687, 70.69796106813719, 70.69765152850553, 70.69739725716822, 70.69712059057626, 70.69685311499977, 70.6966350367537, 70.69641084194159]

KL-div=[0.026537683747191787,0.08828010155350205,0.16617818306633397,0.25672987053007457,0.3574702376064003,0.46379589140490035,0.5684364316069873,0.6745510123230106]

WS_WS:

S=L, 

E=[101.61985807234505,234.01161213740158,401.8516350606232,613.5221427250293,860.63075392597,1144.845196017707,1455.3190756217186,1792.1775779720342]

NE=[70.39336342218103, 70.29081380507931, 70.2235802762754, 70.17359297398548, 70.13636947122956, 70.10872153619782, 70.08518308492825, 70.0652528214047]

S=NL,

E=[200.76041087488062,605.6960462294195,1094.603451386648,1724.9413500670566,2262.8415552583233,2653.9319497920146,2913.591837696622,3039.856110237693]

NE=[70.6980994582576, 70.69761836104898, 70.69713821628348, 70.69666276118512, 70.69618606710586, 70.69571551897089, 70.69524431337517, 70.69478103027804]

KL-div=[0.025784061809759413,0.09305116782814318,0.19980117052375967,0.3403298650366159,0.5222246178358518,0.7353594417498978,0.9868975683368074,1.3090977945203643]

BA_BA:

S=L,

E=[116.51121695890873,281.53670686339916,490.50976752883133,721.7946874801943,1020.5342820287991,1347.3113517752117,1723.7750452719222,2122.5727338945276]
	
NE=[70.37983228234962, 70.29541202436728, 70.24884185486994, 70.22046651083232, 70.19986036559267, 70.18422993258511, 70.17285944406886, 70.16300970277024]

S=NL, 

E=[238.45912249930228,835.2859203195785,1663.8596098629125,2572.1017881102975,3799.1684129746236,4944.084127416901,6353.600489452533,7657.571770398037]

NE=[70.38156061495162, 70.36512600013441, 70.35353654027405, 70.34296572794527, 70.33237589192123, 70.32369493683596, 70.31655247266511, 70.31078431404296]

KL-div=[0.03615575240065996,0.08145381681284142,0.12601020280619651,0.175559826055987,0.23552832082673217,0.31121377353936075,0.38463256009877583,0.46904841875751124]

BA_WS:

S=L, 

E=[171.04459465706387,388.5801200598602,649.4228662984619,960.8981830752688,1311.281969896432,1716.7787473103617,2169.0685202847753,2651.0585999613622]

NE=[70.38162751782251, 70.27526183979339, 70.21059076065298, 70.16973284480876, 70.13843296558335, 70.11540946420989, 70.0954469777213, 70.07777129354724]

S=NL, 

E=[306.9431938192947,1059.6014742110171,2148.440764320569,3393.2628265177605,4798.209436766566,6383.278686367421,8134.563087727194,9645.785631354584]

NE=[70.38668586024336, 70.3771215951643, 70.36745287757336, 70.35944042019615, 70.35182428168903, 70.34609748625307, 70.33947656180177, 70.33332343575589]

KL-div=[0.032744589796145446,0.09696795177864855,0.18187505754194364,0.30872663474912815,0.4454397119589021,0.5869036496772585,0.7467292295447661,0.9365027137320405]
